357520073942639,20201019094858
357520073652733,20201019094858
357520073974160,20201019094957
357520073942639,20201019094957
357520073942639,20201019095028
357520073652733,20201019095027
357520073975415,20201019095039
357520073652733,20201019095038
357520076237565,20201019095040
357520073652733,20201019095048
357520073974459,20201019095048
357520073942639,20201019095058
357520073652733,20201019095058
357520076237565,20201019095100
357520071753830,20201019095101
357520073652733,20201019095108
357520076237565,20201019095110
357520073975654,20201019095117
357520073974160,20201019095127
357520073942639,20201019095127
357520076237565,20201019095140
357520073974160,20201019095147
357520073975654,20201019095147
357520075894762,20201019095154
357520071774737,20201019095157
357520073974160,20201019095157
357520073942639,20201019095158
357520071753830,20201019095201
357520075395810,20201019095204
357520073974160,20201019095207
357520073975415,20201019095209
357520076237565,20201019095210
357520071564666,20201019095210
357520073974160,20201019095217
357520071774737,20201019095217
357520073975654,20201019095217
357520071564666,20201019095220
357520071774737,20201019095227
357520073942639,20201019095227
357520073974160,20201019095227
357520073971679,20201019095232
357520076237565,20201019095241
357520073652733,20201019095248
357520071774737,20201019095247
357520075395810,20201019095254
357520073975654,20201019095257
357520073652733,20201019095258
357520075429015,20201019095301
357520071774737,20201019095307
357520073975654,20201019095307
357520073973436,20201019095310
357520071564666,20201019095320
357520073942639,20201019095327
357520073973436,20201019095340
357520071774737,20201019095347
357520071753830,20201019095351
357520073652733,20201019095358
357520073975654,20201019095357
357520073942639,20201019095358
357520071564666,20201019095400
357520071753830,20201019095401
357520073942639,20201019095408
357520073974160,20201019095407
357520073975654,20201019095407
357520075384541,20201019095406
357520071564666,20201019095411
357520073973436,20201019095410
357520071753830,20201019095411
357520073942639,20201019095418
357520075431573,20201019095419
357520073975654,20201019095417
357520075395810,20201019095423
357520073974160,20201019095427
357520073942639,20201019095428
357520073652733,20201019095428
357520073974459,20201019095428
357520071774737,20201019095427
357520071753830,20201019095431
357520073973436,20201019095431
357520075395810,20201019095433
357520075894762,20201019095224
357520075894762,20201019095234
357520075894762,20201019095244
357520075894762,20201019095254
357520075894762,20201019095304
357520075894762,20201019095314
357520075894762,20201019095324
357520075894762,20201019095334
357520075384541,20201019095436
357520071774737,20201019095437
357520073975654,20201019095437
357520075894762,20201019095344
357520075894762,20201019095354
357520075894762,20201019095404
357520075894762,20201019095414
357520075894762,20201019095424
357520075894762,20201019095434
357520073942639,20201019095437
357520073975415,20201019095438
357520071753830,20201019095441
357520075894762,20201019095444
357520075395810,20201019095443
357520071787960,20201019095443
357520075384541,20201019095446
357520073974160,20201019095447
357520071774737,20201019095447
357520073942639,20201019095447
357520075407219,20201019095246
357520075407219,20201019095256
357520075407219,20201019095306
357520075407219,20201019095316
357520075407219,20201019095326
357520075407219,20201019095336
357520075407219,20201019095346
357520075407219,20201019095357
357520073974459,20201019095448
357520073975415,20201019095448
357520073975654,20201019095447
357520075431573,20201019095450
357520073680411,20201019094755
357520073680411,20201019094805
357520073680411,20201019094815
357520073680411,20201019094825
357520073680411,20201019094834
357520073680411,20201019094844
357520073680411,20201019094854
357520073680411,20201019094904
357520075395810,20201019095453
357520073973436,20201019095451
357520073974160,20201019095457
357520073942639,20201019095457
357520071774737,20201019095457
357520073975415,20201019095458
357520071564666,20201019095501
357520073650133,20201019095432
357520073650133,20201019095442
357520073650133,20201019095452
357520073650133,20201019095502
357520071774737,20201019095507
357520071564666,20201019095510
357520073680411,20201019095314
357520073680411,20201019095324
357520073680411,20201019095334
357520073680411,20201019095344
357520073680411,20201019095355
357520073680411,20201019095405
357520073680411,20201019095414
357520073680411,20201019095424
357520075395810,20201019095524
357520075429015,20201019095531
357520073974160,20201019095537
357520073975654,20201019095537
357520073973436,20201019095540
357520071753830,20201019095541
357520071774208,20201019095544
357520073974160,20201019095547
357520073942639,20201019095547
357520075407219,20201019095546
357520075395810,20201019095554
357520071774737,20201019095557
357520073974160,20201019095557
357520073974160,20201019095607
357520071774737,20201019095607
357520071564666,20201019095610
357520071787960,20201019095613
357520073942639,20201019095618
357520073974160,20201019095627
357520073942639,20201019095658
357520071774208,20201019104458
357520073974160,20201019104507
357520071774208,20201019104507
357520071774810,20201019104251
357520071774810,20201019104301
357520071774810,20201019104311
357520071774810,20201019104321
357520071774810,20201019104332
357520071774810,20201019104342
357520071774810,20201019104351
357520071774810,20201019104401
357520071774208,20201019104517
357520073942639,20201019104517
357520073974160,20201019104517
357520075429015,20201019104521
357520073974160,20201019104527
357520073975654,20201019104527
357520073942639,20201019104527
357520071774208,20201019104528
357520073975415,20201019104529
357520075429015,20201019104531
357520071774810,20201019104531
357520075894762,20201019104534
357520075384541,20201019104535
357520073975654,20201019104537
357520073974160,20201019104537
357520073942639,20201019104537
357520071774208,20201019104537
357520073975415,20201019104539
357520075429015,20201019104541
357520071774810,20201019104541
357520075894762,20201019104544
357520075384541,20201019104545
357520073975654,20201019104547
357520073942639,20201019104548
357520071774208,20201019104548
357520073975415,20201019104548
357520073974160,20201019104547
357520075429015,20201019104551
357520071774810,20201019104551
357520075894762,20201019104554
357520075384541,20201019104555
357520073974160,20201019104557
357520073975654,20201019104557
357520073942639,20201019104558
357520071774208,20201019104557
357520073975415,20201019104559
357520075429015,20201019104601
357520071774810,20201019104601
357520075894762,20201019104604
357520075384541,20201019104605
357520073974160,20201019104607
357520073975654,20201019104607
357520073942639,20201019104608
357520071774208,20201019104608
357520073975415,20201019104609
357520075429015,20201019104611
357520071774810,20201019104611
357520075894762,20201019104614
357520075384541,20201019104615
357520073942639,20201019104618
357520073975654,20201019104617
357520071774208,20201019104617
357520073975415,20201019104619
357520073974160,20201019104617
357520075429015,20201019104621
357520071774810,20201019104621
357520075894762,20201019104624
357520075384541,20201019104625
357520073974160,20201019104627
357520073975654,20201019104627
357520073942639,20201019104627
357520071774208,20201019104628
357520073975415,20201019104629
357520075429015,20201019104631
357520071774810,20201019104632
357520075894762,20201019104634
357520075384541,20201019104635
357520073974160,20201019104637
357520073975654,20201019104637
357520073942639,20201019104638
357520071774208,20201019104638
357520073975415,20201019104639
357520071774810,20201019104642
357520075429015,20201019104641
357520075894762,20201019104644
357520075384541,20201019104645
357520073974160,20201019104647
357520073942639,20201019104648
357520071774208,20201019104648
357520073975654,20201019104647
357520073975415,20201019104649
357520071774810,20201019104652
357520075429015,20201019104651
357520075894762,20201019104654
357520075384541,20201019104655
357520073974160,20201019104657
357520071774208,20201019104658
357520073942639,20201019104658
357520073975654,20201019104657
357520073975415,20201019104659
357520071774810,20201019104701
357520075429015,20201019104701
357520075894762,20201019104704
357520075384541,20201019104705
357520073974160,20201019104707
357520073942639,20201019104707
357520073975654,20201019104707
357520071774208,20201019104708
357520073975415,20201019104709
357520075429015,20201019104711
357520071774810,20201019104711
357520075894762,20201019104714
357520075384541,20201019104715
357520073974160,20201019104717
357520073975654,20201019104717
357520073942639,20201019104717
357520073975415,20201019104719
357520071774208,20201019104717
357520075429015,20201019104721
357520071774810,20201019104721
357520075894762,20201019104724
357520075384541,20201019104725
357520073974160,20201019104727
357520073942639,20201019104727
357520073975654,20201019104727
357520071774208,20201019104727
357520073975415,20201019104729
357520075429015,20201019104731
357520071774810,20201019104731
357520075894762,20201019104734
357520075384541,20201019104735
357520073974160,20201019104737
357520073975654,20201019104737
357520073942639,20201019104737
357520071774208,20201019104738
357520073975415,20201019104739
357520075429015,20201019104741
357520075894762,20201019104744
357520071774810,20201019104742
357520075384541,20201019104745
357520073974160,20201019104747
357520073975654,20201019104747
357520073942639,20201019104747
357520071774208,20201019104748
357520073975415,20201019104749
357520075429015,20201019104751
357520071774810,20201019104751
357520075894762,20201019104754
357520075384541,20201019104755
357520073974160,20201019104757
357520073942639,20201019104757
357520073975654,20201019104757
357520071774208,20201019104758
357520073975415,20201019104759
357520075429015,20201019104801
357520071774810,20201019104802
357520075894762,20201019104804
357520075384541,20201019104805
357520073974160,20201019104807
357520071774208,20201019104808
357520073942639,20201019104808
357520073975415,20201019104809
357520073975654,20201019104807
357520075429015,20201019104811
357520071774810,20201019104812
357520075894762,20201019104813
357520075384541,20201019104815
357520073974160,20201019104817
357520073975654,20201019104817
357520073942639,20201019104818
357520071774208,20201019104818
357520073975415,20201019104819
357520075429015,20201019104821
357520071774810,20201019104822
357520075894762,20201019104824
357520075384541,20201019104825
357520073942639,20201019104828
357520073975654,20201019104827
357520071774208,20201019104828
357520073974160,20201019104827
357520073975415,20201019104829
357520071774810,20201019104831
357520075429015,20201019104831
357520075894762,20201019104834
357520075384541,20201019104835
356778070381877,20201019104839
357520073974160,20201019104837
357520073975654,20201019104837
357520071774208,20201019104838
357520073942639,20201019104838
357520073975415,20201019104839
357520075429015,20201019104841
357520075894762,20201019104844
357520071774810,20201019104842
357520075384541,20201019104845
357520073974160,20201019104847
357520073975654,20201019104847
357520073942639,20201019104848
357520071774208,20201019104848
356778070381877,20201019104849
357520073975415,20201019104849
357520075429015,20201019104851
357520071774810,20201019104851
357520075894762,20201019104854
357520075384541,20201019104855
357520073974160,20201019104857
357520071774208,20201019104857
357520073975654,20201019104857
356778070381877,20201019104859
357520073975415,20201019104859
357520075429015,20201019104901
357520071774810,20201019104902
357520075894762,20201019104903
357520075384541,20201019104905
356778070381877,20201019104909
357520073974160,20201019104907
357520071774208,20201019104907
357520073975654,20201019104907
357520073975415,20201019104909
357520075429015,20201019104911
357520071774810,20201019104912
357520075894762,20201019104914
357520075384541,20201019104915
357520073974160,20201019104917
357520071774208,20201019104917
356778070381877,20201019104919
357520073975415,20201019104919
357520073975654,20201019104917
357520075429015,20201019104921
357520075894762,20201019104924
