357520075407219,20201019082457
357520073969400,20201019100821
357520071753830,20201019100822
357520073652733,20201019100838
357520075435178,20201019100921
357520071753830,20201019100932
357520075431573,20201019100619
357520075431573,20201019100740
357520071582569,20201019101001
357520075431573,20201019100900
357520075431573,20201019101010
357520076237565,20201019101011
357520075435178,20201019101011
357520073648517,20201019101019
357520071564559,20201019101020
357520073969400,20201019101021
357520073650133,20201019101022
357520073970754,20201019101023
357520073964351,20201019101024
357520071777581,20201019101025
357520075407219,20201019095556
357520075407219,20201019095837
357520073971679,20201019100843
357520075384616,20201016125816
357520071582569,20201019101031
357520073650133,20201019101032
357520075407201,20201019100317
357520075407219,20201019095957
357520075377057,20201019101034
357520073971679,20201019101003
357520073969418,20201019101037
357520075407219,20201019100116
357520075407201,20201019100436
357520073973808,20201019101039
357520071582569,20201019101040
357520073973436,20201019101041
357520076237565,20201019101031
357520071777730,20201019101040
357520073971679,20201019101033
357520073650133,20201019101042
357520073674091,20201019101043
357520073970689,20201019101042
357520075434411,20201019101041
357520073976371,20201019101043
357520075407201,20201019100556
357520075407219,20201019100236
357520073973444,20201019101034
357520073971679,20201019101043
357520071774737,20201019101047
357520073973436,20201019101050
357520073969400,20201019101050
357520071774745,20201019101050
357520075434411,20201019101051
357520073971679,20201019101053
357520073970689,20201019101053
357520073674091,20201019101053
357520073650133,20201019101052
357520073970754,20201019101053
357520075377057,20201019101054
357520071777581,20201019101055
357520073973808,20201019101059
357520075431573,20201019101049
357520075407201,20201019100836
357520073969400,20201019101100
357520073973436,20201019101100
357520071582569,20201019101100
357520075384616,20201016125816
357520073971679,20201019101103
357520073970689,20201019101103
357520073976371,20201019101103
357520075407219,20201019100356
357520075429296,20201019093739
357520075407201,20201019100957
357520073648517,20201019101109
357520071777730,20201019101110
357520071774745,20201019101111
357520071774323,20201019100948
357520073650133,20201019101112
357520073674091,20201019101113
357520073970754,20201019101113
357520075407219,20201019100637
357520071787960,20201019101113
357520075429296,20201019093859
357520071777581,20201019101115
357520071774323,20201019101108
357520071774745,20201019101121
357520071774323,20201019101118
357520071774810,20201019101121
357520075434411,20201019101122
357520071753830,20201019101112
357520073970689,20201019101123
357520073971679,20201019101123
357520073970754,20201019101123
357520075431573,20201019101120
357520075407219,20201019100757
357520075407201,20201019101106
357520073969418,20201019101127
357520073652733,20201019101127
357520071774323,20201019101128
357520075431573,20201019101129
357520075435178,20201019101131
357520071774810,20201019101131
357520071787960,20201019101133
357520071777581,20201019101135
357520073648517,20201019101140
357520071777730,20201019101140
357520071774810,20201019101141
357520075377057,20201019101143
357520071774323,20201019101148
357520073973436,20201019101150
357520071777730,20201019101150
357520071582569,20201019101151
357520071774737,20201019101158
357520071774810,20201019101201
357520073970689,20201019101203
357520073650133,20201019101202
357520071582569,20201019101211
357520071774745,20201019101211
357520071777730,20201019101210
357520075384640,20201019094806
357520075384640,20201019094926
357520075384616,20201016125816
357520075384640,20201019095046
357520075431573,20201019103359
357520071777730,20201019103500
357520071777730,20201019103510
357520073969418,20201019103507
357520073975654,20201019103507
357520075431573,20201019103459
357520071774745,20201019103510
357520073973436,20201019103511
357520073971679,20201019103513
357520073976371,20201019103513
357520073974459,20201019103458
357520075429296,20201019101858
357520073969418,20201019103517
357520073975654,20201019103517
357520071774737,20201019103518
357520073652733,20201019103518
357520071774208,20201019103517
357520073974459,20201019103508
357520073973436,20201019103521
357520073976371,20201019103522
357520075377057,20201019103524
357520071787960,20201019103524
357520073974459,20201019103518
357520073973444,20201019103524
357520075435178,20201019103532
357520075384616,20201016125816
357520075434411,20201019103531
357520071753830,20201019103532
357520071774810,20201019103531
357520071564559,20201019103531
357520075429296,20201019102138
357520073969418,20201019103527
357520071774737,20201019103528
357520073973808,20201019103529
357520073648517,20201019103529
357520075429296,20201019102258
357520071774323,20201019103459
357520073969400,20201019103531
357520073974459,20201019103528
357520075431573,20201019103529
357520073650133,20201019103532
357520075384616,20201016125816
356778070382743,20201019103526
357520073973444,20201019103535
357520075429296,20201019102418
357520073652733,20201019103538
357520073942639,20201019103537
357520073975654,20201019103537
357520071774737,20201019103538
357520071774208,20201019103537
357520073974459,20201019103538
357520073973436,20201019103541
357520076237565,20201019103541
357520073648517,20201019103539
357520071564666,20201019103541
357520073976371,20201019103533
357520073674091,20201019103543
357520073970754,20201019103533
357520073971679,20201019103543
357520073650133,20201019103542
357520075429296,20201019102538
357520073964351,20201019103544
357520075377057,20201019103544
357520075395810,20201019103534
357520071787960,20201019103544
357520075384616,20201016125816
357520071774745,20201019103540
357520075434411,20201019103541
357520071753830,20201019103542
357520073942639,20201019103547
